((("fw" .
   [6 0])
  ("tot" .
   [1 0 0])
  ("res" .
   [2 0 0])
  ("delta" .
   [0 0 0 0 3])
  ("ret" .
   [1 0 0])
  ("accumulate" .
   [0 0 0 1 0 0 0 0 0 0])
  ("curr" .
   [5 0 0 0])
  ("suff" .
   [3 0 0 0])
  ("pre" .
   [5 0 0])
  ("kk1" .
   [7 0 0])
  ("abs" .
   [13 0 0])
  ("kk3" .
   [17 0 0])
  ("INT_MAX" .
   [3 0 0 0 0 0 0])
  ("kk2" .
   [8 0 0])
  ("auto" .
   [0 0 3 0])
  ("lower_bound" .
   [0 0 0 0 2 0 0 0 0 0 0])
  ("ok2" .
   [4 0 0])
  ("ok1" .
   [3 0 0])
  ("erase" .
   [1 0 0 4 1])
  ("mp1" .
   [1 0 0])
  ("min" .
   [24 0 0])
  ("len" .
   [3 0 0])
  ("second" .
   [3 0 3 20 1 11])
  ("first" .
   [7 0 0 4 5])
  ("tt" .
   [3 0])
  ("equal" .
   [10 0 1 7 2])
  ("nullptr" .
   [0 0 0 0 1 0 2])
  ("list" .
   [1 0 0 0])
  ("visited" .
   [1 0 0 7 9 0 1])
  ("dfs" .
   [20 0 0])
  ("push_back" .
   [2 0 0 6 17 2 1 0 2])
  ("adj" .
   [31 0 1])
  ("Graph" .
   [2 0 0 1 0])
  ("addEdge" .
   [1 0 2 3 0 0 0])
  ("sort" .
   [3 0 0 0])
  ("mergeSort" .
   [0 0 0 0 0 0 0 0 3])
  ("merge" .
   [1 0 0 1 0])
  ("median" .
   [1 0 0 0 0 0])
  ("cmp" .
   [5 0 0])
  ("malloc" .
   [1 0 0 0 0 0])
  ("data" .
   [0 0 1 0])
  ("size" .
   [13 0 0 0])
  ("free" .
   [1 0 0 0])
  ("fun_arr" .
   [0 0 0 6 0 0 0])
  ("divide" .
   [0 0 1 1 0 0])
  ("multiply" .
   [0 0 1 3 0 0 0 0])
  ("add" .
   [17 0 0])
  ("float" .
   [0 0 0 0 1])
  ("arr" .
   [33 0 0])
  ("sizeof" .
   [0 0 2 2 0 10])
  ("ptr" .
   [7 0 0])
  ("square" .
   [0 0 1 0 0 0])
  ("while" .
   [0 0 0 0 3])
  ("string" .
   [7 0 0 0 0 0])
  ("sum" .
   [5 0 0])
  ("ans" .
   [88 0 0])
  ("vector" .
   [12 0 2 6 34 0])
  ("cin" .
   [19 0 0])
  ("cout" .
   [70 0 0 0])
  ("const" .
   [0 0 1 0 1])
  ("comma" .
   [0 0 1 0 0])
  ("bit" .
   [16 0 0])
  ("trace" .
   [1 0 0 0 0])
  ("map" .
   [9 0 0])
  ("req" .
   [2 0 0])
  ("namespace" .
   [0 0 1 0 0 1 1 0 5])
  ("std" .
   [4 0 0])
  ("debug" .
   [16 0 0 0 3])
  ("LOCAL" .
   [1 0 0 0 1])
  ("endl" .
   [1 0 0 0])
  ("begin" .
   [37 0 0 0 0])
  ("end" .
   [23 0 0])
  ("ok" .
   [6 0])
  ("insert" .
   [7 0 0 2 1 0])
  ("pair" .
   [22 0 2 0])
  ("include" .
   [0 0 0 5 1 0 12])
  ("scanf" .
   [6 0 1 5 3])
  ("return" .
   [0 0 0 0 1 13])
  ("printf" .
   [39 0 0 0 0 1])
  ("ctz" .
   [1 0 1])
  ("__builtin_ctzll" .
   [0 0 0 1 0 0 0 0 0 0 0 0 0 0 0])
  ("max" .
   [4 0 0])
  ("break" .
   [0 0 0 1 0])
  ("idx" .
   [42 0 1])
  ("stdio" .
   [4 0 0 0 1])
  ("main" .
   [6 0 0 0])
  ("struct" .
   [0 0 0 0 1 4])
  ("Vector" .
   [2 0 12 7 19 0])
  ("typedef" .
   [0 0 0 0 1 0 1])
  ("Pair" .
   [2 0 0 0])
  ("push" .
   [7 0 1 1])
  ("stdlib" .
   [0 0 0 0 0 1])
  ("total" .
   [0 0 3 0 0])
  ("NULL" .
   [1 0 0 0])
  ("int" .
   [0 0 1])
  ("get" .
   [39 0 1])
  ("set" .
   [2 0 0])
  ("str" .
   [5 0 0])
  ("ele" .
   [2 0 0])
  ("Complex" .
   [7 0 0 0 0 0 0])
  ("children" .
   [5 0 0 2 3 0 0 4])
  ("bal" .
   [9 0 0])
  ("iterator" .
   [0 0 0 0 0 0 1 0])
  ("fill" .
   [1 0 0 0])
  ("solve" .
   [5 0 0 1 0])
  ("bits" .
   [2 0 0 0])
  ("stdc" .
   [1 0 0 0])
  ("ios_base" .
   [0 0 0 0 2 0 0 0])
  ("sync_with_stdio" .
   [0 0 1 0 1 0 0 0 0 0 0 0 0 0 0])
  ("tie" .
   [2 0 0])
  ("edges" .
   [0 0 0 2 0])
  ("continue" .
   [0 0 0 0 0 1 0 0])
  ("dfs2" .
   [6 0 0 0])
  ("find" .
   [16 0 0 0])
  ("it1" .
   [2 0 0])
  ("it2" .
   [2 0 0])
  ("swap" .
   [1 0 0 0])
  ("ref" .
   [0 0 1])
  ("gcd" .
   [7 0 0])
  ("FenwickTree" .
   [2 0 2 4 8 1 1 0 0 0 0])
  ("update" .
   [2 0 5 2 1 0])
  ("template" .
   [0 0 0 0 0 0 0 1])
  ("_n" .
   [5 0])
  ("resize" .
   [1 0 0 1 0 0])
  ("size_t" .
   [2 0 0 0 0 0])
  ("y_combinator" .
   [1 0 0 0 0 0 0 0 0 0 0 0])
  ("getSum" .
   [2 0 0 0 0 0])
  ("BIT" .
   [2 0 0])
  ("substr" .
   [2 0 0 0 0 0])
  ("used" .
   [3 0 0 0])
  ("check" .
   [1 0 0 0 0])))
